Letter frequcnies for entire word
0.42226
0.12126
0.20572
0.17020
0.53270
0.09918
0.13426
0.16761
0.29017
0.01169
0.09095
0.31009
0.13686
0.24816
0.32612
0.15808
0.01256
0.38848
0.28930
0.31572
0.20182
0.06583
0.08402
0.01602
0.18363
0.01732

Letter frequencies for spot 1 out of 5 in the words
0.06063
0.07492
0.08575
0.04807
0.03118
0.05847
0.04981
0.02988
0.01472
0.00866
0.00866
0.03768
0.04634
0.01602
0.01776
0.06107
0.00996
0.04547
0.15808
0.06453
0.01429
0.01862
0.03551
0.00000
0.00260
0.00130

Letter frequencies for spot 2 out of 5 in the words
0.13166
0.00693
0.01732
0.00866
0.10437
0.00346
0.00476
0.06236
0.08705
0.00087
0.00433
0.08662
0.01646
0.03768
0.12083
0.02642
0.00217
0.11563
0.00693
0.03335
0.08012
0.00650
0.01906
0.00606
0.00953
0.00087

Letter frequencies for spot 3 out of 5 in the words
0.13252
0.02425
0.02425
0.03248
0.07666
0.01083
0.02902
0.00390
0.11520
0.00130
0.00520
0.04851
0.02642
0.05933
0.10524
0.02469
0.00043
0.07059
0.03465
0.04807
0.07146
0.02122
0.01126
0.00520
0.01256
0.00476

Letter frequencies for spot 4 out of 5 in the words
0.07016
0.01039
0.06496
0.02988
0.13772
0.01516
0.03291
0.01213
0.06843
0.00087
0.02382
0.07016
0.02945
0.07882
0.05717
0.02165
0.00000
0.06496
0.07406
0.06020
0.03551
0.01949
0.01083
0.00130
0.00130
0.00866

Letter frequencies for spot 5 out of 5 in the words
0.02728
0.00476
0.01343
0.05110
0.18276
0.01126
0.01776
0.05933
0.00476
0.00000
0.04894
0.06713
0.01819
0.05630
0.02512
0.02425
0.00000
0.09181
0.01559
0.10957
0.00043
0.00000
0.00736
0.00346
0.15764
0.00173

