Letter frequecnies for entire word
0.46176
0.12542
0.15634
0.18910
0.51357
0.08595
0.12673
0.13568
0.28978
0.02243
0.11602
0.25987
0.15233
0.22757
0.34212
0.15564
0.00863
0.32054
0.51380
0.25401
0.19357
0.05350
0.08010
0.02220
0.15988
0.03346

Letter frequencies for spot 1 out of 5 in the words
0.05681
0.07007
0.07108
0.05281
0.02336
0.04610
0.04918
0.03770
0.01272
0.01557
0.02899
0.04448
0.05342
0.02505
0.02020
0.06622
0.00601
0.04841
0.12064
0.06283
0.01457
0.01866
0.03184
0.00123
0.01395
0.00809

Letter frequencies for spot 2 out of 5 in the words
0.17445
0.00624
0.01357
0.00648
0.12550
0.00185
0.00586
0.04209
0.10661
0.00085
0.00732
0.05389
0.01449
0.02660
0.16158
0.01781
0.00116
0.07246
0.00717
0.01842
0.09150
0.00401
0.01257
0.00439
0.02089
0.00224

Letter frequencies for spot 3 out of 5 in the words
0.09528
0.02582
0.03022
0.03006
0.06799
0.01372
0.02806
0.00925
0.08102
0.00355
0.02097
0.06537
0.03939
0.07431
0.07655
0.02806
0.00100
0.09235
0.04109
0.04749
0.05142
0.01850
0.02089
0.01025
0.01642
0.01095

Letter frequencies for spot 4 out of 5 in the words
0.08279
0.01873
0.03168
0.03631
0.17939
0.01796
0.03261
0.01812
0.06784
0.00224
0.03878
0.05944
0.03099
0.06075
0.05381
0.03222
0.00015
0.05543
0.03978
0.06923
0.03091
0.01203
0.00987
0.00093
0.00833
0.00971

Letter frequencies for spot 5 out of 5 in the words
0.05242
0.00455
0.00979
0.06344
0.11733
0.00632
0.01102
0.02852
0.02158
0.00023
0.01997
0.03669
0.01403
0.04086
0.02999
0.01133
0.00031
0.05188
0.30512
0.05604
0.00516
0.00031
0.00493
0.00540
0.10029
0.00247

